A	C	G	T
0.113282768418731	0.28224866187244	0.124165705041168	0.480302864667662
0.102437941129138	0.27905292210387	0.117779669694435	0.500729467072556
0.0934659153393549	0.280898502651647	0.108372108672138	0.51726347333686
0.0858168278183322	0.261479075471941	0.103641107208957	0.54906298950077
0.0878692876015532	0.284682214984111	0.109673270179273	0.517775227235063
0.0987522242239905	0.296523329118078	0.114725478876432	0.489998967781499
0.108900195141561	0.324043711622541	0.105410469091044	0.461645624144854
0.113745524603276	0.336391135464306	0.0922355283075035	0.457627811624914
0.0869165542804294	0.343577466800782	0.0651125717027097	0.504393407216078
0.0898074193862394	0.298875219373652	0.063942070765329	0.547375290474779
0.239419215945119	0.273510736270133	0.205616237711646	0.281453810073102
0.0597772651044163	0.646824316628888	0.00363677363339388	0.289761644633302
0.999999836674288	5.44419040642188e-08	5.44419040642188e-08	5.44419040642188e-08
5.44419040642188e-08	5.44419040642188e-08	0.999999836674288	5.44419040642188e-08
0.256470420298032	0.143568799649655	0.487298649339914	0.112662130712398
0.245941356052012	0.190350727812039	0.195789474028054	0.367918442107895
0.258746091887917	0.234448670104056	0.236626346266625	0.270178891741403
