A	C	G	T
0.108773468722263	0.285810783269321	0.1286274787743	0.476788269234116
0.100375016373261	0.281768992295637	0.122713640139999	0.495142351191103
0.0920681626865521	0.277984822559651	0.112780910197587	0.517166104556209
0.0808874009703962	0.263214538264883	0.108618895979643	0.547279164785077
0.0832460665244445	0.279496200487488	0.113914443643465	0.523343289344602
0.0920681626865521	0.297793033280542	0.119072593313847	0.491066210719059
0.105246920223977	0.331054797525737	0.108573096648497	0.455125185601789
0.110473768891079	0.336401869437099	0.094152032253721	0.458972329418101
0.088713361680066	0.347376534163095	0.064456890921565	0.499453213235274
0.0863604210424111	0.301279507364074	0.0613081869052384	0.551051884688276
0.252234148622493	0.268109341781173	0.201986557438315	0.277669952158019
0.0596823106495353	0.644299322902688	0.00347508149990978	0.292543284947867
0.999999828252508	5.72491639332099e-08	5.72491639332099e-08	5.72491639332099e-08
5.72491639332099e-08	5.72491639332099e-08	0.999999828252508	5.72491639332099e-08
0.256545010666664	0.142596274774003	0.487110293491274	0.113748421068059
0.245404323365262	0.1904279512402	0.19521970626141	0.368948019133129
0.260712749801002	0.235322745596623	0.231847721345877	0.272116783256497
